0 0.663292 0.743794 0.732707 0.720897 0.678959 0.695348 0.679682 0.721379 0.814172 0.756809 0.82309 0.761388 0.693902 0.756568 0.723307 1.016872 0.815859 0.681128 0.814895 0.673174 0.68402 0.669559 0.668354 1.004097 0.847915 0.687877 0.640877 0.687154 0.776332 0.685948 0.715112 0.710774 0.72162 0.677513 0.706194 0.88672 0.700651 0.733189 0.677031 0.694625 0.681369 0.710292 0.826705 0.737286 0.633888 0.699205 0.799952 0.701133 0.785732 0.682333 0.73102 0.6886 0.769342 0.68643 0.70764 0.972765 0.682815 1.872258 0.981923 0.769101 0.70981 1.321523 0.708604 0.750783 0.680405 0.689323 0.715835 0.739696 0.719691 0.701856 0.750542 0.777537 0.698723 0.807664 0.707399 0.685466 0.899494 0.67462 0.670764 0.692697 0.680164 0.720897 1.014943 0.706917 0.70981 0.691492 1.128706 0.779706 0.698964 0.683297 0.786214 0.861412 0.73584 0.671728 0.715112 0.709569 1.016872 0.73102 0.981682 0.67679 0.720174 0.706917 0.67679 0.685948 0.6792 0.72403 0.683297 0.859243 1.127983 0.920945 0.691974 0.677272 0.715594 1.0188 0.738491 0.777778 0.692697 0.698 0.703543 0.701615 0.740178 0.687877 0.723307 0.681128 1.625452 0.683056 0.706676 0.687636 0.725717 0.674861 0.80887 0.678236 0.684984 0.735599 0.68643 0.686189 0.675102 0.799229 0.695107 1.364666 0.715835 0.680887 0.954929 0.685466 0.677513 0.69101 0.75247 0.892022 0.764522 0.686913 0.692938 0.684743 0.68161 0.686913 0.690287 0.679923
0.663292 0 0.35623 0.374548 0.316944 0.251386 0.289949 0.246324 0.295252 0.606893 0.389009 0.768619 0.411906 0.303929 0.350687 0.286575 0.863582 0.517474 0.249217 0.6886 0.291396 0.248253 0.294047 0.275488 0.800193 0.519161 0.274283 0.300072 0.261991 0.625452 0.272355 0.336708 0.293324 0.315739 0.246565 0.375994 0.621596 0.34442 0.301759 0.260063 0.320559 0.261027 0.255724 0.519161 0.338636 0.549048 0.256688 0.441311 0.276934 0.402025 0.237407 0.34442 0.280791 0.376958 0.249217 0.301277 0.820439 0.25476 2.307062 0.754881 0.484695 0.292842 1.514823 0.320559 0.375753 0.240299 0.254037 0.425645 0.40323 0.310436 0.30658 0.375994 0.423717 0.362738 0.489998 0.297662 0.269945 0.997349 0.304411 0.305857 0.297421 0.241504 0.317426 0.890576 0.270668 0.317426 0.371897 1.04483 0.499156 0.263196 0.252832 0.707158 0.793926 0.332851 0.242227 0.311159 0.283924 0.840926 0.470716 0.86551 0.249699 0.294529 0.27838 0.276693 0.249217 0.300313 0.344179 0.24753 0.536274 1.107737 0.626416 0.289949 0.255965 0.285129 1.096891 0.3114 0.392143 0.268016 0.260304 0.291396 0.277898 0.453362 0.235237 0.320318 0.287298 1.983611 0.263678 0.302242 0.259099 0.334297 0.253073 0.620872 0.236684 0.254519 0.30417 0.251627 0.257652 0.242227 0.56833 0.28055 1.561822 0.389973 0.241745 0.747168 0.318631 0.24994 0.250904 0.37262 0.65341 0.373102 0.298867 0.260545 0.267293 0.276693 0.241022 0.254519 0.258617
0.743794 0.35623 0 0.399132 0.319836 0.277416 0.302483 0.295493 0.315498 0.647385 0.365871 0.745963 0.42444 0.333333 0.336708 0.296216 0.918535 0.568089 0.294047 0.765245 0.37961 0.307544 0.355748 0.339118 0.83249 0.588094 0.321523 0.363702 0.31839 0.64377 0.322005 0.369969 0.324657 0.337913 0.290431 0.446373 0.674138 0.37961 0.323451 0.326585 0.377922 0.308749 0.298144 0.570258 0.337672 0.595806 0.296698 0.474572 0.306821 0.389973 0.309231 0.34442 0.349723 0.364907 0.30417 0.321041 0.868161 0.302483 2.253555 0.807423 0.533864 0.332369 1.52591 0.366835 0.399373 0.302 0.307544 0.494095 0.381056 0.334538 0.322005 0.367799 0.430947 0.420583 0.527597 0.336226 0.330682 0.970354 0.369487 0.373825 0.328754 0.290672 0.366112 0.937334 0.334297 0.334297 0.454326 1.04001 0.575801 0.322487 0.320318 0.717763 0.845505 0.366112 0.29236 0.334297 0.301759 0.890094 0.476982 0.904073 0.287298 0.33502 0.304893 0.315739 0.299349 0.370692 0.39865 0.305375 0.597011 1.053266 0.669318 0.344902 0.308508 0.311159 1.133044 0.347072 0.395035 0.314293 0.300313 0.306821 0.323692 0.467342 0.306098 0.330441 0.301759 2.017836 0.318631 0.324898 0.279826 0.333815 0.282478 0.66281 0.284406 0.28296 0.292601 0.28778 0.321764 0.306339 0.635334 0.329718 1.589299 0.453121 0.306339 0.79248 0.394312 0.306339 0.312605 0.380333 0.686189 0.395276 0.334538 0.331887 0.328031 0.339841 0.302724 0.312846 0.308749
0.732707 0.374548 0.399132 0 0.371415 0.330441 0.36322 0.338395 0.364666 0.661846 0.436732 0.767173 0.470234 0.369487 0.398409 0.347313 0.91516 0.593155 0.353338 0.790311 0.404676 0.35382 0.397204 0.370451 0.822849 0.598698 0.354784 0.400819 0.371897 0.66498 0.362015 0.413835 0.392143 0.384189 0.333333 0.447337 0.701615 0.390697 0.387081 0.36322 0.395758 0.329477 0.342974 0.574114 0.403712 0.634852 0.347795 0.51651 0.359846 0.439624 0.340564 0.414317 0.375753 0.432875 0.345625 0.373584 0.838756 0.348759 2.20294 0.79248 0.586406 0.390697 1.513859 0.402507 0.404676 0.337672 0.343697 0.529284 0.463485 0.387081 0.395276 0.435768 0.483972 0.461557 0.559894 0.395517 0.360087 0.982405 0.400337 0.379128 0.37021 0.334538 0.400819 0.901663 0.366594 0.387322 0.4765 1 0.574837 0.359123 0.350205 0.736081 0.849843 0.367558 0.3396 0.376717 0.370692 0.888166 0.517956 0.897807 0.3302 0.372138 0.354543 0.362015 0.345143 0.383707 0.386599 0.340564 0.60135 1.070137 0.660159 0.390215 0.347554 0.36322 1.088214 0.373102 0.460593 0.355266 0.350446 0.370451 0.369969 0.528561 0.331646 0.388286 0.336467 1.935888 0.363461 0.353338 0.323692 0.38443 0.329236 0.690769 0.322005 0.338395 0.361533 0.329718 0.357436 0.34201 0.647867 0.364907 1.553627 0.491203 0.352133 0.810798 0.41986 0.351169 0.360328 0.432875 0.69342 0.432393 0.379851 0.366112 0.355025 0.385635 0.349964 0.355266 0.349241
0.720897 0.316944 0.319836 0.371415 0 0.240058 0.277657 0.262955 0.278621 0.618703 0.349723 0.737045 0.377922 0.307062 0.322487 0.279103 0.891781 0.536997 0.256206 0.760183 0.344179 0.270186 0.330923 0.301277 0.811039 0.56134 0.285129 0.35141 0.285852 0.645457 0.282719 0.335503 0.305616 0.304893 0.255965 0.404194 0.657508 0.347554 0.309713 0.291637 0.345866 0.258858 0.280067 0.544469 0.325862 0.585924 0.274283 0.447337 0.281032 0.385876 0.268498 0.321523 0.299349 0.366112 0.276452 0.286575 0.815859 0.26898 2.279344 0.764763 0.510002 0.305134 1.551217 0.342492 0.366835 0.264642 0.274042 0.4765 0.374548 0.309231 0.301518 0.361774 0.402266 0.37744 0.503254 0.300313 0.287057 0.995662 0.321041 0.33261 0.290913 0.252832 0.33261 0.908653 0.302242 0.308026 0.41504 1.030128 0.543263 0.283683 0.272837 0.722825 0.830803 0.336467 0.263196 0.296457 0.278862 0.880694 0.462762 0.88214 0.259581 0.295734 0.282478 0.285611 0.269221 0.337672 0.346831 0.277657 0.57074 1.055917 0.644975 0.312846 0.257652 0.276693 1.123644 0.313087 0.367317 0.282719 0.272596 0.286816 0.280067 0.458424 0.267293 0.306098 0.289467 2.018077 0.290913 0.303447 0.247771 0.332128 0.253796 0.645216 0.246083 0.251868 0.284647 0.255724 0.274283 0.26898 0.609062 0.287539 1.58954 0.423958 0.278621 0.766209 0.356471 0.267534 0.295493 0.353579 0.669559 0.378163 0.317426 0.300795 0.288744 0.309713 0.265365 0.282719 0.280067
0.678959 0.251386 0.277416 0.330441 0.240058 0 0.226561 0.193541 0.214027 0.562786 0.312605 0.759219 0.331164 0.225597 0.265124 0.212099 0.844541 0.486382 0.187274 0.689323 0.269945 0.19113 0.259581 0.228971 0.760424 0.483731 0.210894 0.272837 0.210653 0.610268 0.222945 0.279103 0.261268 0.252832 0.183659 0.341528 0.597252 0.284406 0.259099 0.225114 0.288985 0.200048 0.210653 0.476018 0.276211 0.549771 0.194746 0.392866 0.216438 0.336708 0.193782 0.293083 0.247771 0.312605 0.205592 0.233068 0.785973 0.197638 2.357436 0.713666 0.469029 0.233791 1.559894 0.279826 0.315739 0.1933 0.202699 0.428296 0.343215 0.253796 0.250904 0.308267 0.374307 0.322487 0.460352 0.250663 0.221981 1.00241 0.26898 0.271873 0.245601 0.1839 0.256929 0.866715 0.22415 0.263196 0.352856 1.046517 0.483972 0.20511 0.199084 0.691974 0.799952 0.26657 0.178838 0.248735 0.22873 0.820921 0.424199 0.852736 0.184382 0.240781 0.223186 0.232104 0.199325 0.265365 0.298626 0.210653 0.498915 1.08484 0.592914 0.241986 0.193059 0.208243 1.112557 0.256206 0.339359 0.204146 0.198361 0.229935 0.225114 0.413594 0.188238 0.246806 0.218607 2.038805 0.198361 0.222463 0.179802 0.265606 0.187274 0.595083 0.180525 0.189684 0.226802 0.193059 0.205833 0.199566 0.556038 0.238371 1.567366 0.343938 0.203905 0.720897 0.288021 0.190407 0.212581 0.308267 0.619426 0.319354 0.24753 0.213063 0.220776 0.23355 0.190166 0.208966 0.207279
0.695348 0.289949 0.302483 0.36322 0.277657 0.226561 0 0.250422 0.256447 0.602314 0.327067 0.743794 0.354784 0.26416 0.289226 0.249699 0.864305 0.510484 0.250422 0.724512 0.328754 0.237407 0.307303 0.279103 0.810557 0.528079 0.251386 0.319595 0.255001 0.617498 0.252832 0.318631 0.300795 0.275488 0.228971 0.392143 0.632924 0.331646 0.291878 0.255483 0.340564 0.235719 0.255965 0.51169 0.318631 0.573873 0.241986 0.435286 0.262232 0.362738 0.243914 0.321523 0.281996 0.341528 0.243673 0.271632 0.817305 0.241986 2.316944 0.749819 0.494095 0.289226 1.554109 0.3208 0.356712 0.233791 0.246565 0.442275 0.367317 0.296216 0.288503 0.351169 0.391179 0.364425 0.481562 0.284888 0.268739 1.014943 0.313329 0.313811 0.270668 0.23114 0.307062 0.881176 0.270909 0.295011 0.396722 1.039769 0.503254 0.253314 0.241504 0.695348 0.80429 0.313329 0.233791 0.289226 0.277898 0.854664 0.459388 0.875392 0.230658 0.272596 0.257893 0.272114 0.221499 0.311641 0.332369 0.260786 0.546156 1.06363 0.637744 0.282478 0.235478 0.246806 1.108219 0.288021 0.373102 0.250422 0.239817 0.267534 0.261268 0.43625 0.227284 0.277175 0.255724 2.024825 0.25717 0.268257 0.227525 0.291637 0.234514 0.621114 0.221981 0.229212 0.258134 0.237407 0.257893 0.23813 0.590263 0.277898 1.570258 0.388286 0.24536 0.760424 0.339118 0.244396 0.254519 0.34201 0.649795 0.362256 0.287057 0.265124 0.26416 0.286093 0.245119 0.250904 0.249699
0.679682 0.246324 0.295493 0.338395 0.262955 0.193541 0.250422 0 0.254278 0.589058 0.335985 0.757532 0.356471 0.258617 0.289949 0.234032 0.850084 0.487587 0.207761 0.696794 0.272596 0.201012 0.263196 0.231622 0.76404 0.493131 0.227043 0.274524 0.214751 0.615329 0.228007 0.285611 0.251868 0.270427 0.195469 0.345625 0.594601 0.29236 0.260786 0.221017 0.297421 0.203181 0.215715 0.472885 0.292842 0.538443 0.201253 0.418655 0.223909 0.34659 0.20752 0.304893 0.263437 0.32538 0.210171 0.246324 0.785732 0.20993 2.342251 0.718727 0.462521 0.245119 1.553868 0.289226 0.334779 0.194023 0.219812 0.416968 0.356953 0.262714 0.255483 0.329236 0.386599 0.336226 0.461557 0.245601 0.216438 1.003133 0.269221 0.274524 0.251627 0.188961 0.270186 0.865028 0.232104 0.27115 0.357436 1.044348 0.473126 0.203423 0.21234 0.695107 0.789106 0.287057 0.190648 0.267775 0.230899 0.819234 0.425404 0.845746 0.197156 0.240058 0.228248 0.226079 0.207279 0.260786 0.310918 0.216197 0.491444 1.089901 0.593637 0.241745 0.205833 0.240781 1.100265 0.266088 0.346349 0.22415 0.214992 0.248494 0.225356 0.421547 0.201976 0.261509 0.238612 2.028441 0.21451 0.254037 0.203181 0.278862 0.195228 0.601591 0.192336 0.205351 0.250181 0.208243 0.215233 0.186792 0.540853 0.231381 1.548807 0.344179 0.205592 0.733671 0.281514 0.215715 0.201253 0.318631 0.62256 0.331646 0.248253 0.221499 0.213304 0.240058 0.20294 0.206315 0.214268
0.721379 0.295252 0.315498 0.364666 0.278621 0.214027 0.256447 0.254278 0 0.600868 0.351169 0.748132 0.388045 0.284406 0.310436 0.263678 0.868161 0.530248 0.24994 0.729814 0.3114 0.251386 0.299108 0.274765 0.794167 0.528079 0.263437 0.317185 0.263196 0.63437 0.251868 0.320559 0.307544 0.276452 0.235237 0.387322 0.626657 0.327308 0.288985 0.267052 0.328513 0.238612 0.257411 0.532899 0.315739 0.578212 0.24536 0.440106 0.260786 0.381056 0.244878 0.334056 0.28296 0.347795 0.246083 0.276934 0.796577 0.241504 2.31839 0.752229 0.499397 0.288744 1.551699 0.315016 0.365389 0.246806 0.243673 0.462039 0.367799 0.288503 0.298626 0.352133 0.409014 0.374066 0.496987 0.284888 0.260545 1.007231 0.309954 0.309954 0.278862 0.229694 0.30899 0.887443 0.277657 0.314775 0.399614 1.069655 0.511931 0.251386 0.249699 0.708846 0.810557 0.318149 0.232827 0.292119 0.27597 0.847915 0.455531 0.87732 0.237407 0.27838 0.25934 0.263919 0.241745 0.317426 0.336708 0.252109 0.524946 1.082912 0.621837 0.286816 0.238371 0.246324 1.10388 0.302965 0.37021 0.246565 0.24994 0.288262 0.266088 0.454085 0.229694 0.291154 0.260063 2.011328 0.255724 0.272596 0.221258 0.303688 0.224873 0.625452 0.217643 0.22873 0.264401 0.234514 0.250181 0.24536 0.588335 0.264883 1.564955 0.383466 0.24536 0.758014 0.336226 0.247771 0.256929 0.347795 0.635334 0.363702 0.290913 0.262232 0.260786 0.274042 0.24753 0.248012 0.247289
0.814172 0.606893 0.647385 0.661846 0.618703 0.562786 0.602314 0.589058 0.600868 0 0.647867 0.979272 0.614847 0.571945 0.616293 0.597011 0.954206 0.750301 0.604001 0.544469 0.58014 0.595806 0.623765 0.606652 0.931791 0.738973 0.612678 0.625452 0.606652 0.817787 0.594842 0.560376 0.637503 0.583755 0.588817 0.617498 0.84189 0.656785 0.635816 0.591227 0.608821 0.604242 0.603278 0.716317 0.637985 0.706194 0.60858 0.631236 0.604242 0.699928 0.58496 0.672692 0.608098 0.674861 0.588094 0.627621 0.902868 0.586888 2.011087 0.904314 0.571945 0.626898 1.210653 0.612678 0.66498 0.58737 0.588576 0.608821 0.690046 0.641118 0.626175 0.681128 0.714389 0.565678 0.599422 0.647144 0.590986 1.066281 0.614365 0.605206 0.618462 0.579899 0.614847 0.946011 0.602314 0.639431 0.587852 1.063148 0.776814 0.607375 0.602796 0.863341 0.621837 0.613883 0.574837 0.630272 0.627139 0.952278 0.767173 1.040492 0.608339 0.620872 0.610991 0.590022 0.598698 0.628103 0.654134 0.617257 0.756568 1.23114 0.821644 0.583996 0.590504 0.58255 0.782598 0.63437 0.671246 0.583273 0.602073 0.624488 0.583514 0.711256 0.586647 0.613401 0.59677 1.673174 0.582309 0.61557 0.581586 0.610027 0.592432 0.534587 0.574596 0.590022 0.618944 0.597252 0.604724 0.588817 0.529284 0.625693 1.379128 0.517715 0.596047 0.872499 0.586647 0.578694 0.588817 0.672933 0.828874 0.680164 0.63196 0.59894 0.609062 0.579899 0.597252 0.599181 0.593155
0.756809 0.389009 0.365871 0.436732 0.349723 0.312605 0.327067 0.335985 0.351169 0.647867 0 0.716076 0.428296 0.367076 0.350205 0.32321 0.965775 0.605206 0.328272 0.753194 0.407086 0.331164 0.388527 0.365148 0.868643 0.622319 0.326826 0.396481 0.341046 0.651 0.348036 0.414799 0.362256 0.361051 0.328513 0.467583 0.722825 0.40805 0.341287 0.355507 0.41745 0.326103 0.317908 0.606893 0.3396 0.619426 0.32321 0.503495 0.339118 0.382261 0.329959 0.36563 0.389732 0.343215 0.347072 0.347072 0.898048 0.326103 2.198602 0.841649 0.575319 0.342974 1.488792 0.402989 0.411906 0.327549 0.345625 0.533141 0.400337 0.362497 0.35382 0.351892 0.380815 0.452398 0.54254 0.343456 0.359605 0.938057 0.395999 0.40805 0.33261 0.323451 0.379128 0.999518 0.36322 0.346831 0.486141 1.010605 0.604724 0.337431 0.326585 0.730296 0.85852 0.376235 0.330923 0.329959 0.344661 0.923355 0.470234 0.964329 0.308508 0.345143 0.332851 0.349 0.3302 0.386117 0.394312 0.342492 0.634129 0.974693 0.701133 0.381538 0.331164 0.324657 1.114244 0.351892 0.36804 0.339359 0.341769 0.347313 0.346831 0.43167 0.322005 0.347795 0.347072 2.031333 0.344179 0.348036 0.302 0.375271 0.3114 0.687877 0.310918 0.312364 0.35141 0.320077 0.343456 0.340082 0.652205 0.347554 1.611955 0.458906 0.328031 0.847433 0.432875 0.331405 0.334779 0.33502 0.73825 0.350928 0.372138 0.355025 0.338154 0.371656 0.321041 0.337431 0.343938
0.82309 0.768619 0.745963 0.767173 0.737045 0.759219 0.743794 0.757532 0.748132 0.979272 0.716076 0 0.782357 0.754881 0.758737 0.768378 1.176669 0.878284 0.751747 1.032538 0.789106 0.764763 0.768619 0.762593 1.04724 0.953724 0.762352 0.75006 0.775609 0.75006 0.769101 0.808388 0.738009 0.791757 0.756809 0.823572 0.977585 0.731743 0.741142 0.774644 0.782598 0.75006 0.762593 0.945529 0.745722 0.790311 0.748132 0.88455 0.754881 0.750301 0.766932 0.748614 0.754881 0.727645 0.753676 0.737286 1.092552 0.75247 1.75006 1.090142 0.890335 0.757291 1.400819 0.8067 0.763075 0.756809 0.765245 0.87274 0.72644 0.758978 0.742589 0.728127 0.736804 0.821885 0.887443 0.742348 0.760906 0.852977 0.76645 0.762593 0.745481 0.76187 0.797301 1.16028 0.784285 0.731743 0.818028 1.083153 0.892745 0.768137 0.768378 0.834177 1.062184 0.77127 0.756809 0.743794 0.752229 1.153049 0.711979 1.095204 0.745963 0.762834 0.746686 0.763316 0.73584 0.768137 0.784526 0.76645 0.983852 0.880935 0.992046 0.789106 0.762352 0.755845 1.221499 0.743553 0.739455 0.759942 0.762834 0.748614 0.772234 0.718245 0.75464 0.741866 0.746927 1.758255 0.758014 0.737768 0.746204 0.776091 0.732948 0.993251 0.749337 0.755122 0.739214 0.760906 0.77127 0.767896 0.973488 0.761388 1.490721 0.834659 0.754399 1.067968 0.785008 0.746204 0.772234 0.727645 1.007472 0.73584 0.758978 0.767896 0.760183 0.792239 0.766209 0.765727 0.759701
0.761388 0.411906 0.42444 0.470234 0.377922 0.331164 0.354784 0.356471 0.388045 0.614847 0.428296 0.782357 0 0.392384 0.374548 0.364907 0.960231 0.634852 0.352133 0.731743 0.421788 0.36563 0.425886 0.389973 0.866956 0.635575 0.367076 0.429501 0.382261 0.667149 0.380574 0.408773 0.399614 0.374789 0.340805 0.480357 0.721138 0.426127 0.382984 0.387081 0.432634 0.373584 0.375994 0.609544 0.392866 0.631236 0.364907 0.50711 0.365389 0.43167 0.365389 0.416968 0.410219 0.420583 0.359364 0.375753 0.874187 0.364425 2.166546 0.829839 0.550012 0.401543 1.473126 0.433116 0.456978 0.350928 0.367558 0.533382 0.455531 0.390697 0.392143 0.42926 0.455772 0.46469 0.515787 0.396722 0.373825 0.993733 0.426127 0.420824 0.385394 0.367558 0.419378 0.942396 0.405881 0.389009 0.482044 1.027235 0.624247 0.368523 0.362497 0.748855 0.825018 0.400578 0.357195 0.389009 0.375271 0.925042 0.508074 0.949144 0.3584 0.397927 0.382743 0.384912 0.355989 0.432152 0.442275 0.371174 0.651723 1.047722 0.722584 0.406363 0.372379 0.357677 1.05423 0.395999 0.428055 0.381538 0.355507 0.386117 0.367317 0.503736 0.352615 0.381779 0.375753 1.953483 0.36563 0.382502 0.339841 0.409255 0.362256 0.636539 0.34201 0.360328 0.370451 0.349241 0.37744 0.359605 0.623524 0.378645 1.558207 0.459147 0.379369 0.82791 0.442757 0.353338 0.377922 0.425886 0.731743 0.434563 0.404194 0.373102 0.382261 0.390697 0.36563 0.369487 0.366835
0.693902 0.303929 0.333333 0.369487 0.307062 0.225597 0.26416 0.258617 0.284406 0.571945 0.367076 0.754881 0.392384 0 0.326344 0.272837 0.857556 0.518679 0.253796 0.690769 0.317667 0.258617 0.306339 0.283442 0.769101 0.538202 0.266329 0.336467 0.273801 0.624247 0.278862 0.33502 0.320559 0.298626 0.166787 0.355989 0.626657 0.341769 0.311159 0.276693 0.3396 0.258858 0.268016 0.508797 0.334538 0.572427 0.265606 0.442034 0.277657 0.402266 0.255483 0.349482 0.299831 0.374307 0.261027 0.299108 0.794649 0.253073 2.306339 0.750301 0.496023 0.300795 1.52133 0.334297 0.37744 0.249699 0.25717 0.445168 0.397686 0.311641 0.307303 0.37961 0.417691 0.358641 0.474331 0.307062 0.27356 1.029405 0.312846 0.320559 0.288021 0.247047 0.312846 0.871053 0.288262 0.318631 0.404917 1.046999 0.516751 0.258617 0.259822 0.723307 0.780188 0.320559 0.243432 0.318631 0.29959 0.839238 0.474331 0.869125 0.24994 0.285611 0.28778 0.275006 0.255242 0.304893 0.349723 0.26175 0.529284 1.107978 0.612196 0.292119 0.256206 0.260304 1.072548 0.315016 0.395758 0.270668 0.27356 0.291154 0.273319 0.456978 0.252832 0.292119 0.286575 1.982405 0.27115 0.27115 0.232345 0.305616 0.233068 0.598457 0.230658 0.248494 0.288021 0.254278 0.275247 0.256929 0.562786 0.297662 1.510484 0.357436 0.243432 0.744999 0.329477 0.26416 0.269463 0.364184 0.653651 0.369487 0.307303 0.276211 0.272837 0.290913 0.253796 0.266329 0.267534
0.756568 0.350687 0.336708 0.398409 0.322487 0.265124 0.289226 0.289949 0.310436 0.616293 0.350205 0.758737 0.374548 0.326344 0 0.286334 0.883586 0.562545 0.280791 0.727404 0.369246 0.285611 0.355025 0.318631 0.812967 0.554109 0.298144 0.35382 0.308026 0.657508 0.308749 0.358641 0.328754 0.327549 0.279103 0.427332 0.652205 0.361051 0.3208 0.303688 0.370933 0.283924 0.298385 0.548807 0.335985 0.603278 0.277657 0.453121 0.287298 0.377681 0.284406 0.357677 0.324898 0.36081 0.283201 0.307303 0.838033 0.288262 2.257652 0.762834 0.525428 0.315739 1.508315 0.346349 0.380815 0.273801 0.285129 0.491444 0.40106 0.333333 0.335744 0.378645 0.402266 0.40106 0.493613 0.328272 0.295252 1.008677 0.350928 0.362015 0.303929 0.282237 0.348036 0.889853 0.313329 0.325862 0.443962 1.002169 0.542781 0.289467 0.299831 0.725717 0.821644 0.337431 0.28296 0.318631 0.301036 0.874428 0.469993 0.883104 0.279344 0.317426 0.305616 0.307303 0.289467 0.361292 0.370451 0.312364 0.578935 1.060738 0.642082 0.336949 0.288503 0.29019 1.092793 0.320318 0.397204 0.305857 0.288021 0.306098 0.301277 0.479634 0.27356 0.326826 0.305375 2.000723 0.301036 0.314052 0.268498 0.322487 0.273078 0.636539 0.269704 0.268739 0.29236 0.272114 0.297903 0.286816 0.621114 0.325621 1.567848 0.42444 0.294529 0.759942 0.372379 0.278139 0.299349 0.359846 0.663292 0.38202 0.326585 0.3114 0.304652 0.312605 0.29477 0.285611 0.300795
0.723307 0.286575 0.296216 0.347313 0.279103 0.212099 0.249699 0.234032 0.263678 0.597011 0.32321 0.768378 0.364907 0.272837 0.286334 0 0.882622 0.53073 0.232104 0.719691 0.317667 0.245601 0.301036 0.276693 0.793203 0.53772 0.259099 0.311882 0.240058 0.629067 0.259099 0.318149 0.291154 0.279344 0.223186 0.382502 0.637744 0.331164 0.290431 0.261268 0.331405 0.244396 0.247771 0.518438 0.296457 0.580622 0.236684 0.426127 0.252591 0.345866 0.21933 0.310436 0.281514 0.338154 0.248012 0.273078 0.820198 0.231863 2.327549 0.753676 0.5047 0.287298 1.543987 0.313087 0.349482 0.225114 0.244155 0.455772 0.362979 0.295252 0.287539 0.342974 0.387322 0.371174 0.476259 0.290672 0.261027 1.02121 0.3114 0.3114 0.282237 0.220535 0.303206 0.88455 0.261268 0.302242 0.400096 1.027718 0.519643 0.23355 0.237166 0.704507 0.825018 0.292601 0.223668 0.29019 0.267775 0.845987 0.448783 0.876838 0.229694 0.273078 0.254519 0.25476 0.239335 0.302965 0.31839 0.247771 0.538443 1.074235 0.624247 0.288262 0.240299 0.244878 1.097614 0.282719 0.372138 0.243673 0.229212 0.283442 0.257893 0.443962 0.234032 0.281032 0.272114 2.032056 0.255242 0.261509 0.225114 0.295493 0.219571 0.620149 0.221017 0.222945 0.259581 0.223909 0.247771 0.237166 0.586888 0.272596 1.567848 0.38684 0.24295 0.756568 0.335744 0.23813 0.247289 0.338636 0.65558 0.342492 0.286093 0.253555 0.254519 0.27838 0.234514 0.243191 0.244878
1.016872 0.863582 0.918535 0.91516 0.891781 0.844541 0.864305 0.850084 0.868161 0.954206 0.965775 1.176669 0.960231 0.857556 0.883586 0.882622 0 0.697517 0.838515 0.987708 0.859966 0.842372 0.860689 0.876838 0.630272 0.651964 0.8631 0.887443 0.836346 1.012292 0.834177 0.878766 0.87732 0.855387 0.836828 0.900699 0.641118 0.870089 0.883345 0.859484 0.879489 0.836346 0.854182 0.675584 0.911063 1.033743 0.858038 0.863341 0.867679 0.970595 0.844541 0.917812 0.871053 0.961919 0.853941 0.878043 0.607134 0.827669 1.809352 0.612437 0.931309 0.872017 1.353579 0.862135 0.905278 0.833454 0.840443 0.887202 0.929381 0.872258 0.877561 0.942637 0.95517 0.840685 0.893709 0.881658 0.850084 1.237648 0.884068 0.880694 0.877079 0.839961 0.849843 0.630995 0.841649 0.904314 0.87732 1.254278 0.695107 0.848156 0.843577 1.003374 1.06122 0.881176 0.832972 0.889853 0.868884 0.579417 0.993974 0.663774 0.84189 0.871776 0.878766 0.838997 0.851048 0.880935 0.901181 0.841649 0.669559 1.399132 0.671005 0.859966 0.838033 0.87491 1.138588 0.911786 0.971318 0.838515 0.838997 0.875392 0.851772 0.984334 0.841408 0.895638 0.870812 1.352856 0.853459 0.869366 0.843577 0.847915 0.833213 0.91516 0.845746 0.848638 0.888166 0.847192 0.853218 0.844541 0.924801 0.862617 0.978308 0.882863 0.838756 0.598457 0.878525 0.842131 0.844059 0.954206 0.61075 0.954688 0.860207 0.836828 0.859966 0.84912 0.85153 0.843818 0.838756
0.815859 0.517474 0.568089 0.593155 0.536997 0.486382 0.510484 0.487587 0.530248 0.750301 0.605206 0.878284 0.634852 0.518679 0.562545 0.53073 0.697517 0 0.490962 0.831526 0.540853 0.488069 0.506387 0.521089 0.607616 0.485659 0.508315 0.550976 0.487346 0.713425 0.4953 0.580381 0.537479 0.530971 0.489275 0.56134 0.555315 0.550494 0.536274 0.516269 0.554109 0.488792 0.5047 0.499156 0.586647 0.771993 0.488792 0.607375 0.513859 0.640395 0.490239 0.586647 0.529284 0.621596 0.488551 0.543987 0.632201 0.483008 2.087009 0.625452 0.675826 0.526874 1.451434 0.545915 0.585683 0.4859 0.481803 0.638949 0.619426 0.528561 0.531453 0.602796 0.635093 0.581345 0.646903 0.525428 0.513618 1.080019 0.548084 0.541335 0.544469 0.481321 0.534587 0.712461 0.520607 0.554832 0.587611 1.119788 0.5235 0.503977 0.505664 0.8067 0.916124 0.556761 0.48349 0.545192 0.520848 0.666185 0.683538 0.709087 0.489516 0.51892 0.510966 0.513618 0.496746 0.534346 0.568089 0.503736 0.54953 1.208725 0.551458 0.529766 0.489034 0.501326 1.107737 0.554109 0.632924 0.506869 0.49289 0.531212 0.520125 0.640636 0.494818 0.542299 0.513618 1.709087 0.508797 0.499156 0.484936 0.527838 0.486623 0.749819 0.494336 0.489034 0.527597 0.498674 0.494095 0.493131 0.741142 0.526151 1.251627 0.57773 0.492649 0.631718 0.54254 0.499397 0.502772 0.599422 0.54471 0.60376 0.529525 0.500362 0.506628 0.51651 0.500121 0.482767 0.493131
0.681128 0.249217 0.294047 0.353338 0.256206 0.187274 0.250422 0.207761 0.24994 0.604001 0.328272 0.751747 0.352133 0.253796 0.280791 0.232104 0.838515 0.490962 0 0.691492 0.275006 0.133526 0.259822 0.238853 0.757773 0.490239 0.214027 0.279344 0.214751 0.597975 0.21692 0.287057 0.249458 0.268498 0.198361 0.351892 0.596529 0.293324 0.253555 0.238371 0.288744 0.201253 0.210894 0.473367 0.280791 0.539407 0.201253 0.420101 0.221981 0.344179 0.197397 0.290913 0.244637 0.319113 0.21692 0.235719 0.777537 0.207038 2.333574 0.717281 0.46927 0.249458 1.562545 0.28296 0.328031 0.201735 0.204387 0.42227 0.343938 0.252591 0.251627 0.314293 0.375994 0.331405 0.463003 0.239335 0.233309 0.983852 0.276934 0.279826 0.24536 0.192336 0.263919 0.859243 0.238371 0.276934 0.359364 1.031333 0.471198 0.21451 0.214268 0.689805 0.800193 0.278862 0.185346 0.253796 0.233309 0.822608 0.422993 0.837551 0.194746 0.237166 0.229694 0.229935 0.205833 0.282478 0.298385 0.218607 0.508797 1.070137 0.599904 0.251386 0.1933 0.228248 1.107978 0.262232 0.345866 0.233309 0.21451 0.234514 0.234514 0.415281 0.191371 0.271632 0.235719 2.024102 0.220294 0.251145 0.201735 0.279826 0.198602 0.588094 0.203423 0.197638 0.240058 0.1933 0.221017 0.198361 0.557725 0.234755 1.551699 0.354784 0.20993 0.722102 0.295975 0.195951 0.214268 0.315257 0.625452 0.314293 0.244878 0.213786 0.215233 0.239576 0.19812 0.201494 0.211376
0.814895 0.6886 0.765245 0.790311 0.760183 0.689323 0.724512 0.696794 0.729814 0.544469 0.753194 1.032538 0.731743 0.690769 0.727404 0.719691 0.987708 0.831526 0.691492 0 0.666667 0.69342 0.718486 0.68402 0.990359 0.793203 0.701615 0.694625 0.699928 0.86093 0.694866 0.649795 0.741866 0.671246 0.708122 0.685225 0.892263 0.770306 0.734394 0.690769 0.697276 0.710051 0.713907 0.775368 0.739455 0.730055 0.695589 0.706194 0.709569 0.764763 0.692215 0.754399 0.70041 0.761388 0.685225 0.723789 0.947457 0.694625 1.912509 0.944083 0.605929 0.725476 1.090865 0.686189 0.782839 0.690769 0.694866 0.624006 0.794408 0.741142 0.738732 0.779706 0.823572 0.647867 0.674379 0.726922 0.697758 1.097855 0.697517 0.683056 0.725235 0.696312 0.695107 0.981441 0.711979 0.747168 0.646903 1.086045 0.847915 0.70981 0.699446 0.877079 0.575801 0.718727 0.694625 0.732707 0.726681 0.98578 0.851289 1.065799 0.711256 0.71945 0.716799 0.676067 0.698241 0.708363 0.738732 0.72162 0.79489 1.274765 0.866233 0.669077 0.69342 0.711979 0.732225 0.744517 0.788142 0.697276 0.703543 0.723548 0.687395 0.79489 0.692456 0.744758 0.724753 1.593396 0.692456 0.734394 0.708122 0.696553 0.702097 0.538202 0.705471 0.706917 0.73825 0.706917 0.701856 0.695107 0.533864 0.718004 1.317185 0.602796 0.707158 0.908894 0.662087 0.68402 0.676308 0.761388 0.859484 0.78308 0.714148 0.692215 0.710533 0.651482 0.71222 0.699205 0.697035
0.673174 0.291396 0.37961 0.404676 0.344179 0.269945 0.328754 0.272596 0.3114 0.58014 0.407086 0.789106 0.421788 0.317667 0.369246 0.317667 0.859966 0.540853 0.275006 0.666667 0 0.256206 0.316462 0.272837 0.801398 0.532899 0.286575 0.322487 0.295493 0.648831 0.287539 0.329236 0.334056 0.327067 0.287298 0.362256 0.633888 0.372138 0.334297 0.279585 0.340082 0.277657 0.291154 0.532417 0.355266 0.546397 0.281996 0.453603 0.291637 0.42444 0.283442 0.378404 0.302724 0.397445 0.270186 0.323692 0.812967 0.276693 2.270668 0.764281 0.470475 0.329718 1.484695 0.339118 0.398168 0.274283 0.283683 0.414317 0.416004 0.331887 0.328031 0.387804 0.460593 0.354784 0.500844 0.321523 0.291878 0.984575 0.323451 0.321041 0.321764 0.264883 0.331164 0.872017 0.312364 0.354302 0.37262 1.032056 0.526392 0.278862 0.28778 0.721379 0.750783 0.354784 0.270427 0.338395 0.302483 0.850807 0.498915 0.882622 0.272114 0.308749 0.310436 0.288985 0.288021 0.306339 0.365148 0.297421 0.549048 1.122921 0.625693 0.289708 0.282237 0.307544 1.049409 0.338154 0.432875 0.295252 0.282237 0.315739 0.30899 0.470957 0.265365 0.333092 0.305375 1.936129 0.275006 0.316944 0.273801 0.342733 0.276934 0.574355 0.274524 0.284165 0.3208 0.288503 0.292119 0.271391 0.541576 0.308267 1.509038 0.369969 0.282478 0.76187 0.322246 0.285852 0.283924 0.404676 0.667631 0.402266 0.3208 0.281514 0.287298 0.295252 0.277416 0.277416 0.283442
0.68402 0.248253 0.307544 0.35382 0.270186 0.19113 0.237407 0.201012 0.251386 0.595806 0.331164 0.764763 0.36563 0.258617 0.285611 0.245601 0.842372 0.488069 0.133526 0.69342 0.256206 0 0.26175 0.228248 0.766932 0.4859 0.21692 0.27115 0.217643 0.60858 0.218848 0.276934 0.25717 0.280067 0.208966 0.356712 0.597493 0.302965 0.263196 0.234996 0.292119 0.200771 0.211858 0.479634 0.286575 0.536997 0.211858 0.421547 0.233068 0.348036 0.201735 0.29718 0.24994 0.332128 0.212099 0.250181 0.787178 0.207038 2.342733 0.725476 0.468788 0.247047 1.559171 0.29019 0.338636 0.211858 0.210171 0.424199 0.36081 0.265124 0.260786 0.321523 0.380815 0.333815 0.460111 0.245119 0.220776 1.001687 0.265365 0.270186 0.256447 0.194264 0.270186 0.867438 0.23596 0.266811 0.366594 1.039046 0.479393 0.218848 0.215715 0.70282 0.805977 0.284165 0.197397 0.268739 0.240058 0.8255 0.436009 0.840443 0.197638 0.231381 0.23355 0.228489 0.205351 0.262232 0.308026 0.220053 0.505905 1.081224 0.595565 0.243191 0.198602 0.238853 1.110388 0.263678 0.361774 0.233791 0.210653 0.237407 0.237889 0.414317 0.187997 0.27838 0.244878 2.023138 0.221258 0.259822 0.200289 0.27115 0.201976 0.592432 0.198602 0.205833 0.262714 0.208243 0.216679 0.186792 0.55435 0.235237 1.552663 0.35623 0.213786 0.72885 0.289708 0.205592 0.208966 0.314775 0.62256 0.329718 0.253073 0.215715 0.22632 0.239576 0.197638 0.205351 0.210894
0.669559 0.294047 0.355748 0.397204 0.330923 0.259581 0.307303 0.263196 0.299108 0.623765 0.388527 0.768619 0.425886 0.306339 0.355025 0.301036 0.860689 0.506387 0.259822 0.718486 0.316462 0.26175 0 0.284165 0.788624 0.533623 0.273801 0.310195 0.269704 0.619667 0.274765 0.346349 0.312605 0.327308 0.266329 0.371656 0.644252 0.354061 0.315257 0.284165 0.320077 0.256206 0.279344 0.531694 0.335744 0.542781 0.255724 0.470716 0.283683 0.407809 0.261027 0.34201 0.314534 0.381779 0.26657 0.295975 0.80887 0.270186 2.296939 0.763557 0.501567 0.288503 1.528802 0.326344 0.384912 0.245119 0.258376 0.448783 0.399373 0.305616 0.3114 0.386117 0.407809 0.364666 0.493372 0.308267 0.279585 0.982887 0.314052 0.31357 0.295975 0.252591 0.321764 0.888648 0.296698 0.322728 0.394071 1.059291 0.525669 0.264642 0.282719 0.714389 0.810316 0.345866 0.258134 0.333815 0.300313 0.826464 0.465413 0.879971 0.251145 0.286334 0.295734 0.265606 0.258376 0.303688 0.349 0.275488 0.549289 1.108219 0.620631 0.29959 0.265124 0.296698 1.103639 0.328272 0.409496 0.287298 0.272355 0.302483 0.288503 0.454808 0.253073 0.317426 0.289226 1.960954 0.288744 0.292601 0.262473 0.343938 0.247771 0.618944 0.248735 0.258376 0.317185 0.259822 0.272596 0.253314 0.582309 0.284888 1.51651 0.389009 0.255242 0.761147 0.314293 0.260545 0.261509 0.379369 0.672692 0.372138 0.292601 0.267293 0.274042 0.271391 0.254037 0.262232 0.270186
0.668354 0.275488 0.339118 0.370451 0.301277 0.228971 0.279103 0.231622 0.274765 0.606652 0.365148 0.762593 0.389973 0.283442 0.318631 0.276693 0.876838 0.521089 0.238853 0.68402 0.272837 0.228248 0.284165 0 0.793685 0.520848 0.25476 0.286334 0.263678 0.614606 0.253796 0.320077 0.300313 0.306339 0.237648 0.359846 0.62039 0.32538 0.29477 0.262232 0.307785 0.234755 0.257893 0.495782 0.318631 0.529525 0.236201 0.426609 0.251145 0.375753 0.236684 0.335985 0.293565 0.354543 0.238853 0.277898 0.814895 0.241504 2.31598 0.75464 0.475295 0.274765 1.532417 0.320318 0.362497 0.225114 0.242227 0.42926 0.379369 0.29236 0.285611 0.349723 0.412389 0.341287 0.47867 0.278139 0.258134 0.986985 0.292119 0.288262 0.279826 0.232586 0.299349 0.873463 0.26657 0.302242 0.358641 1.047963 0.506628 0.242227 0.247289 0.696794 0.789347 0.301759 0.220294 0.302724 0.267293 0.852736 0.442516 0.851289 0.23596 0.283201 0.269945 0.261027 0.251386 0.288985 0.314534 0.237648 0.524464 1.097373 0.62039 0.277657 0.242709 0.26657 1.09424 0.29959 0.385635 0.255242 0.244155 0.265606 0.273801 0.444444 0.22873 0.302242 0.279344 1.998795 0.248012 0.287539 0.225597 0.3114 0.238853 0.591227 0.236443 0.23114 0.281755 0.240781 0.243914 0.236684 0.536274 0.261991 1.553868 0.37961 0.241504 0.749337 0.301036 0.236201 0.238612 0.351651 0.643047 0.361774 0.278862 0.249217 0.255001 0.251386 0.238853 0.232104 0.241504
1.004097 0.800193 0.83249 0.822849 0.811039 0.760424 0.810557 0.76404 0.794167 0.931791 0.868643 1.04724 0.866956 0.769101 0.812967 0.793203 0.630272 0.607616 0.757773 0.990359 0.801398 0.766932 0.788624 0.793685 0 0.604001 0.782357 0.813931 0.755604 0.905519 0.758737 0.838033 0.811039 0.787178 0.762834 0.818993 0.599904 0.812003 0.802121 0.788865 0.816582 0.764281 0.781634 0.628103 0.834659 1.003615 0.785973 0.8255 0.787901 0.894673 0.75464 0.829839 0.785008 0.886961 0.76886 0.803085 0.598216 0.748855 1.868402 0.601591 0.896843 0.795131 1.395276 0.791998 0.833695 0.766209 0.775127 0.838756 0.841408 0.799711 0.784767 0.883104 0.891299 0.814413 0.854423 0.798024 0.772716 1.201253 0.80429 0.800916 0.800193 0.751988 0.776332 0.643288 0.786937 0.819234 0.815377 1.203423 0.657267 0.772716 0.774403 0.947216 1.05423 0.80188 0.758496 0.824054 0.796336 0.625452 0.910822 0.661605 0.758255 0.79007 0.79947 0.757773 0.778983 0.789588 0.8161 0.769101 0.62256 1.341046 0.571945 0.790793 0.767414 0.776332 1.170644 0.828633 0.89395 0.77368 0.766932 0.793685 0.786937 0.874669 0.764522 0.815377 0.796819 1.434563 0.76645 0.774644 0.761388 0.78549 0.757773 0.917329 0.757773 0.759219 0.790552 0.774162 0.771511 0.770065 0.918776 0.79489 1.008436 0.826705 0.764281 0.602555 0.803085 0.771029 0.766209 0.864787 0.58255 0.866715 0.78766 0.768137 0.76187 0.791998 0.765004 0.765486 0.762352
0.847915 0.519161 0.588094 0.598698 0.56134 0.483731 0.528079 0.493131 0.528079 0.738973 0.622319 0.953724 0.635575 0.538202 0.554109 0.53772 0.651964 0.485659 0.490239 0.793203 0.532899 0.4859 0.533623 0.520848 0.604001 0 0.501808 0.558448 0.500603 0.792721 0.498915 0.561822 0.551217 0.532176 0.506869 0.610268 0.533382 0.548325 0.541335 0.520366 0.550012 0.491444 0.501085 0.461798 0.570017 0.791034 0.499638 0.62256 0.529525 0.642082 0.4953 0.595083 0.541576 0.617016 0.497951 0.535069 0.635334 0.489034 2.094481 0.584719 0.671728 0.53531 1.442516 0.525428 0.60617 0.484213 0.498433 0.641118 0.626416 0.535069 0.542299 0.606893 0.651241 0.568571 0.642805 0.543022 0.515787 1.123644 0.544469 0.537238 0.540853 0.487828 0.530489 0.673174 0.5141 0.556038 0.590745 1.163413 0.51892 0.510484 0.494336 0.814654 0.90335 0.566643 0.489034 0.545433 0.527356 0.658713 0.684261 0.708363 0.495059 0.522054 0.530007 0.506628 0.488792 0.563509 0.579417 0.508315 0.494818 1.24753 0.582068 0.52133 0.487828 0.528561 1.095927 0.55194 0.641841 0.509038 0.494577 0.543022 0.524705 0.668354 0.498433 0.550253 0.540371 1.702579 0.513859 0.533623 0.498192 0.522295 0.482526 0.726922 0.493613 0.493613 0.540371 0.498915 0.515546 0.480839 0.715835 0.526874 1.245601 0.592432 0.486623 0.582791 0.55435 0.493372 0.4953 0.610268 0.505905 0.635334 0.515305 0.494336 0.499156 0.517233 0.498915 0.4859 0.484695
0.687877 0.274283 0.321523 0.354784 0.285129 0.210894 0.251386 0.227043 0.263437 0.612678 0.326826 0.762352 0.367076 0.266329 0.298144 0.259099 0.8631 0.508315 0.214027 0.701615 0.286575 0.21692 0.273801 0.25476 0.782357 0.501808 0 0.296698 0.238371 0.602314 0.243432 0.298144 0.27115 0.292119 0.231622 0.373102 0.603278 0.311159 0.273801 0.24994 0.305616 0.217643 0.229694 0.493613 0.288985 0.566884 0.229212 0.419137 0.239817 0.34659 0.213786 0.310195 0.288503 0.332128 0.227043 0.247771 0.807906 0.225838 2.32779 0.742348 0.485659 0.266811 1.543745 0.291154 0.34442 0.214268 0.224632 0.440588 0.369969 0.271391 0.277175 0.315739 0.366835 0.350205 0.464449 0.264401 0.241986 0.98819 0.287539 0.301036 0.270427 0.207279 0.282719 0.869366 0.247047 0.274524 0.369969 1.042902 0.496264 0.228971 0.22873 0.699928 0.805495 0.296216 0.213786 0.265847 0.254519 0.828874 0.43167 0.851048 0.213545 0.254519 0.250422 0.253073 0.220776 0.283924 0.319595 0.239335 0.520366 1.081706 0.610991 0.263919 0.227525 0.240299 1.10846 0.269463 0.355989 0.239094 0.225597 0.252832 0.258617 0.422029 0.228971 0.27597 0.260304 2.024584 0.232827 0.256447 0.221981 0.300072 0.218366 0.604483 0.220776 0.225114 0.262232 0.227043 0.225838 0.210412 0.573632 0.246806 1.560858 0.362015 0.225356 0.740901 0.312846 0.225356 0.229212 0.304652 0.631236 0.319595 0.270427 0.226802 0.235478 0.256929 0.206797 0.226561 0.225838
0.640877 0.300072 0.363702 0.400819 0.35141 0.272837 0.319595 0.274524 0.317185 0.625452 0.396481 0.75006 0.429501 0.336467 0.35382 0.311882 0.887443 0.550976 0.279344 0.694625 0.322487 0.27115 0.310195 0.286334 0.813931 0.558448 0.296698 0 0.289708 0.601109 0.300072 0.349964 0.337431 0.349723 0.289708 0.388286 0.660882 0.357677 0.339118 0.291154 0.349723 0.275729 0.286816 0.551699 0.356712 0.521812 0.28537 0.477223 0.303688 0.413353 0.276693 0.360569 0.306098 0.406122 0.279826 0.328513 0.84189 0.288744 2.266329 0.777778 0.512895 0.323451 1.504941 0.348759 0.396722 0.281514 0.300072 0.461557 0.410701 0.332851 0.325139 0.392143 0.445168 0.371174 0.507592 0.312846 0.297662 0.965775 0.307544 0.319595 0.321764 0.270668 0.349482 0.912991 0.307544 0.348518 0.394312 1.038805 0.541817 0.286575 0.283924 0.697276 0.788383 0.357195 0.267534 0.345143 0.310677 0.871535 0.456978 0.891299 0.269704 0.326103 0.309472 0.306339 0.283683 0.313087 0.357436 0.28778 0.558207 1.086768 0.646421 0.313329 0.288021 0.306098 1.090383 0.353097 0.408773 0.29236 0.287539 0.318631 0.3114 0.460834 0.275488 0.341287 0.312605 1.959749 0.287539 0.322728 0.286334 0.362497 0.281755 0.620149 0.279826 0.284647 0.324657 0.291396 0.289226 0.279103 0.571945 0.303447 1.540371 0.414799 0.281996 0.770065 0.336708 0.279103 0.281032 0.393107 0.674379 0.401302 0.31598 0.289708 0.292119 0.300072 0.279826 0.293806 0.287298
